component,label
1,Bad Bunny Super Bowl News (ES)
2,Bad Bunny Super Bowl News (ES)
3,Local News on Mosque Collapse (ID)
4,Local News on Mosque Collapse (ID)
5,Local News on Mosque Collapse (ID)
6,Local News on Mosque Collapse (ID)
7,Local News on Mosque Collapse (ID)
8,Local News on Mosque Collapse (ID)
9,Local News on Mosque Collapse (ID)
10,Local News and Humor (ID)
11,Local News on Mosque Collapse (ID)
12,Dramatic Audio Dramas (EN)
13,Radio Show Highlights and Stories (EN)
14,Local News on Mosque Collapse (ID)
15,Local News on Mosque Collapse (ID)
16,Baseball Trade News Updates (EN)
17,Sports and Fictional Narratives (ES)
18,Baseball Trade Updates and Fictional Stories (ES)
19,MLB Trade News Updates (EN)
20,Baseball Trade News Updates (EN)
21,Baseball Trade News Updates (EN)
22,Baseball Trade News Updates (EN)
23,Baseball Trade News Updates (EN)
24,Baseball Trade News Updates (EN)
25,Baseball Trade News Updates (EN)
26,Baseball Trade News Updates (EN)
27,Baseball Trade News Updates (EN)
28,Baseball Trade News Updates (EN)
29,Baseball Trade News Updates (EN)
30,Baseball Trade News Updates (EN)
